%YAML:1.0
---
caliberationTimeChar: "Mon Nov  6 22:22:54 2023\n"
caliberationTime_t: 1699280574
imageWidth: 1280
imageHeight: 1024
cameraMatrix: !!opencv-matrix
   rows: 3
   cols: 3
   dt: d
   data: [ 8.8136101404262263e+02, 0., 6.4220273142797157e+02, 0.,
       8.8058629420268107e+02, 5.0584010780332670e+02, 0., 0., 1. ]
disCoffes: !!opencv-matrix
   rows: 1
   cols: 5
   dt: d
   data: [ -9.3578961585410958e-02, 7.3018340800990678e-02,
       -3.8645088175809545e-04, -9.8634788543764537e-05,
       1.4049806879490640e-02 ]
rvecs: !!opencv-matrix
   rows: 33
   cols: 1
   dt: "3d"
   data: [ -9.4054031949143302e-02, -5.9147546220434374e-02,
       -1.5373971922554091e+00, -4.9839870598192469e-02,
       -1.3411296029546885e-01, -2.4850750258358474e+00,
       1.0582697035187268e-01, 1.8579870949594687e-01,
       2.4009141694284168e+00, -6.6272005704008000e-02,
       7.0345550719396677e-01, -3.0505365472461756e+00,
       2.8419568232225696e-03, -3.4290063873350940e-01,
       3.0511527751864089e+00, 1.7015573316919325e-01,
       1.5890070295631148e-01, -3.0518026344491878e+00,
       8.4701164240900984e-01, 4.7381595601483611e-01,
       2.9345988322856185e+00, -1.0785342896947299e+00,
       3.8540403743501445e-01, 2.9139364977813242e+00,
       7.1342032616845197e-01, 3.8956254793988476e-01,
       -1.4441748033002955e+00, -4.1704496180749134e-01,
       -4.1279380944265404e-01, -1.4904071300327804e+00,
       -5.4576364596594917e-01, -1.9009854626899771e-02,
       -8.8910810936854612e-01, 4.9802418851797828e-02,
       -1.3546999845388458e-02, -1.6126467928548225e+00,
       7.8752509348064581e-01, 1.7384565163979518e-01,
       -2.0045805386014068e+00, -1.8976788798584182e-01,
       -7.4981422453280389e-01, 2.2628787905675614e+00,
       7.7700342850448156e-01, 9.1324484771025088e-02,
       -4.1773731564863699e-02, -2.6241241789416575e-01,
       -3.7135956545599624e-01, 1.6665016131887818e+00,
       7.5598793260733221e-01, -8.1939386674349957e-01,
       1.4554495003198606e+00, 7.8087759902332321e-01,
       3.2699594231269247e-01, 1.6135483896711222e-02,
       4.4055714762730941e-01, 8.4875281858403828e-01,
       1.4078305421260924e+00, 5.5574465257744221e-01,
       7.4158808556299571e-01, 5.7223826449522774e-01,
       4.9951460520192843e-02, -1.0716163934289310e-02,
       -1.6162927104695355e+00, 8.4309458985455688e-01,
       5.6181685239173418e-01, 2.0168501404323864e+00,
       6.1044070808567663e-01, 1.1147473265706892e-01,
       -6.0583327838211953e-01, 8.6075243950302882e-01,
       -5.4616094993157538e-01, 9.5139491163634387e-03,
       -9.9667966071976322e-01, 5.4396388050220301e-01,
       1.6900771540342667e+00, 1.8528128560088786e-01,
       -5.8624826001444241e-01, 8.2133683731366547e-01,
       3.3326235162503959e-01, -7.3186261809696462e-01,
       -6.2180587653883279e-01, 2.4554317102128725e-02,
       -1.7331029955452845e-03, -1.5801823936153943e+00,
       -6.8920776692679528e-02, 1.0359899683615822e-01,
       -1.6014905039700911e+00, -7.5426944536363533e-02,
       3.1701111783061751e-02, -1.5949019608078612e+00,
       -1.3694615437683541e-01, -3.0346188520793290e-02,
       -3.1060833483796109e+00, -3.6619839207324395e-02,
       -4.9027775408624866e-02, -3.1317522019919499e+00,
       6.3653025316071296e-02, -1.6379335780773183e-01,
       -3.0983697327759780e+00 ]
tvecs: !!opencv-matrix
   rows: 33
   cols: 1
   dt: "3d"
   data: [ -8.0977421797731864e+01, 4.5181784737222358e+01,
       1.5589318686848821e+02, -1.6113213690320290e+01,
       8.5104813413476592e+01, 2.1486869724294812e+02,
       1.0148564948194793e+02, 1.7095165477054937e+01,
       1.9971224204386363e+02, 3.8094793088169965e+01,
       1.0308823390073761e+02, 2.2163508862519285e+02,
       1.0688462677588494e+02, 9.0905636378297473e+01,
       2.0505396817127971e+02, -2.6931809635951442e+01,
       9.5749082125752182e+01, 2.2477353141111487e+02,
       5.1068242061614747e+01, 6.1480401136614205e+01,
       1.5423302565311113e+02, 4.4590666635707251e+01,
       7.5065902667644025e+01, 2.3260078233473570e+02,
       -7.7369566178928679e+01, 4.6921804921240948e+01,
       2.1032569091641273e+02, -7.9424518350403872e+01,
       3.0898456526476114e+01, 1.7033278516788729e+02,
       -1.5744241091469141e+02, -3.3462394049326804e+01,
       2.8566201131790478e+02, -9.5845847249118819e+01,
       2.6674881039004244e+01, 1.7007186192999723e+02,
       -4.0093300783230340e+01, 9.5858914698932125e+01,
       2.4251944251995150e+02, 1.2553352072496516e+02,
       3.5933010893620370e+01, 2.3807075379989203e+02,
       -3.9957897021851892e+01, -3.8112066944621581e+01,
       1.6202261839722578e+02, 7.5409729021546752e+01,
       -3.7202227759604028e+01, 2.0784209769974328e+02,
       7.5999522332145531e+01, -5.7075493491687503e+01,
       1.7074894810496127e+02, -5.0598514200165553e+01,
       -6.0013577482003200e+01, 1.6200239996668748e+02,
       4.9285012187792589e+01, -5.4092305482920963e+01,
       1.5391686108316094e+02, -3.5576248958184053e+01,
       -6.8859458737988049e+01, 1.8604397065002121e+02,
       -9.5836921765078500e+01, 2.7054950050375624e+01,
       1.6959890190565494e+02, 7.7173709516306232e+01,
       -6.3521673424297722e+00, 1.6472040069890559e+02,
       -7.6372086813698047e+01, 3.8216507919084797e+00,
       1.7094651348050070e+02, -5.9726350385834316e+01,
       -2.4971320416789844e+01, 1.4224237120209503e+02,
       8.2074814443913638e+01, 1.8491340815254773e+01,
       2.5526245472137620e+02, 7.5997367262075642e+01,
       -1.2275928848687261e+02, 2.8959857508835387e+02,
       -8.2719005946287567e+01, -1.9012478425594100e+01,
       1.9609654420405826e+02, -6.3107522235875372e+01,
       3.1887656142236054e+01, 1.5821502064205043e+02,
       -7.7573836833362961e+01, 6.7219894169561073e+01,
       1.6669079597403666e+02, -9.9882370837735820e+01,
       7.4023434217614806e+01, 1.6451560735442575e+02,
       4.7041464753633349e+01, 8.3246401803825918e+01,
       1.7995563091289202e+02, -7.9307963089075812e+00,
       8.3441240021944111e+01, 1.8296366607200201e+02,
       1.0422318709038329e+02, 8.2884143169310377e+01,
       1.8410789714212510e+02 ]
