%YAML:1.0
---
caliberationTimeChar: "Fri Nov 10 00:01:19 2023\n"
caliberationTime_t: 1699545679
imageWidth: 1280
imageHeight: 1024
cameraMatrix: !!opencv-matrix
   rows: 3
   cols: 3
   dt: d
   data: [ 8.8136101404262263e+02, 0., 6.4220273142797157e+02, 0.,
       8.8058629420268107e+02, 5.0584010780332670e+02, 0., 0., 1. ]
disCoffes: !!opencv-matrix
   rows: 1
   cols: 5
   dt: d
   data: [ -9.3578961585410958e-02, 7.3018340800990678e-02,
       -3.8645088175809545e-04, -9.8634788543764537e-05,
       1.4049806879490640e-02 ]
newCameraMatrix: !!opencv-matrix
   rows: 3
   cols: 3
   dt: d
   data: [ 8.6723210429689971e+02, 0., 6.4115366780798115e+02, 0.,
       8.6646735358835292e+02, 5.0495993952389716e+02, 0., 0., 1. ]
newDisCoffes: !!opencv-matrix
   rows: 1
   cols: 5
   dt: d
   data: [ 2.9779222314803977e-04, -1.8992027515398935e-03,
       -3.4434465439151023e-05, -8.1561494708860005e-05,
       2.2893085059036292e-03 ]
